# Sec  SL  Slot  Cable  T0(BkgIntersect) T0err

#& Sector layer component  wire status T0Correction T0Error
1 1 1  1    1 127.058 0.206    
1 1 1  2    1 126.783 0.214    
1 1 1  3    1 127.864 0.164    
1 1 1  4    1 128.444 0.175    
1 1 1  5    1 129.613 0.143    
1 1 1  6    1 130.347 0.125    
1 1 2  7    1 128.240 0.127    
1 1 2  8    1 129.420 0.133    
1 1 2  9    1 130.625 0.109    
1 1 2  10   1 132.562 0.118    
1 1 2  11   1 134.638 0.087    
1 1 2  12   1 137.841 0.014    
1 1 3  13   1 133.463 0.098    
1 1 3  14   1 133.823 0.014    
1 1 3  15   1 132.726 0.104    
1 1 3  16   1 133.452 0.114    
1 1 3  17   1 133.723 0.119    
1 1 3  18   1 131.482 0.130    
1 1 4  19   1 133.064 0.131    
1 1 4  20   1 133.687 0.020    
1 1 4  21   1 131.879 0.103    
1 1 4  22   1 131.140 0.016    
1 1 4  23   1 133.686 0.015    
1 1 4  24   1 132.420 0.018    
1 1 5  25   1 129.796 0.173    
1 1 5  26   1 129.796 0.173    
1 1 5  27   1 129.796 0.173    
1 1 5  28   1 127.060 0.240    
1 1 5  29   1 126.561 0.267    
1 1 5  30   1 126.384 0.262    
1 1 6  31   1 129.166 0.246    
1 1 6  32   1 131.416 0.313    
1 1 6  33   1 125.655 0.366    
1 1 6  34   1 124.904 0.379    
1 1 6  35   1 123.554 0.392    
1 1 6  36   1 129.594 0.479    
1 1 7  37   1 123.796 0.343    
1 1 7  38   1 126.962 0.379    
1 1 7  39   1 122.111 0.435    
1 1 7  40   1 123.734 0.410    
1 1 7  41   1 122.392 0.521    
1 1 7  42   1 123.784 0.482    
1 2 1  43   1 129.142 0.298    
1 2 1  44   1 131.638 0.288    
1 2 1  45   1 131.860 0.203    
1 2 1  46   1 131.257 0.163    
1 2 1  47   1 131.189 0.148    
1 2 1  48   1 132.041 0.149    
1 2 2  49   1 135.607 0.144    
1 2 2  50   1 137.641 0.137    
1 2 2  51   1 136.918 0.116    
1 2 2  52   1 137.354 0.117    
1 2 2  53   1 132.249 0.030    
1 2 2  54   1 135.855 0.096    
1 2 3  55   1 133.562 0.079    
1 2 3  56   1 134.979 0.088    
1 2 3  57   1 133.056 0.092    
1 2 3  58   1 133.410 0.102    
1 2 3  59   1 133.410 0.102    
1 2 3  60   1 133.410 0.102    
1 2 4  61   1 135.675 0.256    
1 2 4  62   1 136.124 0.284    
1 2 4  63   1 137.480 0.215    
1 2 4  64   1 137.608 0.015    
1 2 4  65   1 137.985 0.016    
1 2 4  66   1 137.528 0.019    
1 2 5  67   1 132.288 0.180    
1 2 5  68   1 130.732 0.211    
1 2 5  69   1 131.867 0.267    
1 2 5  70   1 130.406 0.269    
1 2 5  71   1 128.842 0.261    
1 2 5  72   1 132.223 0.263    
1 2 6  73   1 129.586 0.347    
1 2 6  74   1 129.350 0.409    
1 2 6  75   1 128.253 0.299    
1 2 6  76   1 128.265 0.418    
1 2 6  77   1 131.191 0.315    
1 2 6  78   1 132.383 0.313    
1 2 7  79   1 129.927 0.414    
1 2 7  80   1 127.099 0.803    
1 2 7  81   1 129.102 0.613    
1 2 7  82   1 129.848 0.712    
1 2 7  83   1 128.301 0.684    
1 2 7  84   1 128.570 0.689    
1 3 1  85   1 136.464 0.447    
1 3 1  86   1 139.116 0.259    
1 3 1  87   1 138.234 0.282    
1 3 1  88   1 132.241 0.207    
1 3 1  89   1 132.655 0.196    
1 3 1  90   1 134.138 0.189    
1 3 2  91   1 136.227 0.153    
1 3 2  92   1 135.538 0.136    
1 3 2  93   1 135.583 0.130    
1 3 2  94   1 138.174 0.106    
1 3 2  95   1 139.266 0.096    
1 3 2  96   1 138.483 0.111    
1 3 3  97   1 138.941 0.107    
1 3 3  98   1 139.278 0.110    
1 3 3  99   1 138.812 0.119    
1 3 3  100  1 138.835 0.127    
1 3 3  101  1 139.098 0.138    
1 3 3  102  1 139.410 0.157    
1 3 4  103  1 140.009 0.132    
1 3 4  104  1 140.786 0.144    
1 3 4  105  1 139.590 0.123    
1 3 4  106  1 142.054 0.132    
1 3 4  107  1 140.117 0.139    
1 3 4  108  1 139.538 0.165    
1 3 5  109  1 138.966 0.228    
1 3 5  110  1 138.240 0.213    
1 3 5  111  1 136.813 0.281    
1 3 5  112  1 133.792 0.338    
1 3 5  113  1 135.304 0.308    
1 3 5  114  1 136.768 0.389    
1 3 6  115  1 137.049 0.606    
1 3 6  116  1 138.648 0.502    
1 3 6  117  1 134.837 0.579    
1 3 6  118  1 134.606 0.629    
1 3 6  119  1 134.315 0.579    
1 3 6  120  1 132.420 0.671    
1 3 7  121  1 127.764 0.798    
1 3 7  122  1 126.821 0.692    
1 3 7  123  1 125.813 1.438    
1 3 7  124  1 125.474 0.544    
1 3 7  125  1 120.296 0.269    
1 3 7  126  1 129.811 0.507    
1 4 1  127  1 133.032 0.066    
1 4 1  128  1 136.865 0.380    
1 4 1  129  1 136.972 0.284    
1 4 1  130  1 138.608 0.297    
1 4 1  131  1 137.595 0.256    
1 4 1  132  1 137.195 0.224    
1 4 2  133  1 137.312 0.195    
1 4 2  134  1 138.196 0.163    
1 4 2  135  1 139.380 0.156    
1 4 2  136  1 140.354 0.128    
1 4 2  137  1 141.431 0.110    
1 4 2  138  1 142.447 0.108    
1 4 3  139  1 139.918 0.111    
1 4 3  140  1 140.528 0.111    
1 4 3  141  1 142.355 0.113    
1 4 3  142  1 141.865 0.129    
1 4 3  143  1 141.664 0.159    
1 4 3  144  1 142.154 0.147    
1 4 4  145  1 140.522 0.149    
1 4 4  146  1 139.283 0.158    
1 4 4  147  1 141.201 0.160    
1 4 4  148  1 140.259 0.139    
1 4 4  149  1 141.625 0.131    
1 4 4  150  1 141.240 0.160    
1 4 5  151  1 140.370 0.172    
1 4 5  152  1 140.105 0.208    
1 4 5  153  1 139.876 0.285    
1 4 5  154  1 138.132 0.311    
1 4 5  155  1 138.132 0.311    
1 4 5  156  1 138.132 0.311    
1 4 6  157  1 136.387 0.429    
1 4 6  158  1 136.189 0.455    
1 4 6  159  1 135.569 0.458    
1 4 6  160  1 133.326 0.574    
1 4 6  161  1 133.833 0.536    
1 4 6  162  1 133.347 0.588    
1 4 7  163  1 132.204 0.460    
1 4 7  164  1 131.152 1.305    
1 4 7  165  1 132.229 0.099    
1 4 7  166  1 132.499 0.204    
1 4 7  167  1 130.966 0.160    
1 4 7  168  1 127.589 0.344    
1 5 1  169  1 148.597 1.071    
1 5 1  170  1 148.597 1.071    
1 5 1  171  1 148.597 1.071    
1 5 1  172  1 144.031 0.236    
1 5 1  173  1 148.597 1.071    
1 5 1  174  1 152.214 0.512    
1 5 2  175  1 152.924 0.354    
1 5 2  176  1 154.030 0.295    
1 5 2  177  1 152.867 0.363    
1 5 2  178  1 153.811 0.042    
1 5 2  179  1 156.014 0.061    
1 5 2  180  1 161.481 0.223    
1 5 3  181  1 160.987 0.149    
1 5 3  182  1 161.205 0.143    
1 5 3  183  1 163.794 0.145    
1 5 3  184  1 161.564 0.137    
1 5 3  185  1 163.614 0.125    
1 5 3  186  1 165.069 0.188    
1 5 4  187  1 163.470 0.174    
1 5 4  188  1 161.163 0.186    
1 5 4  189  1 162.054 0.200    
1 5 4  190  1 162.870 0.192    
1 5 4  191  1 165.562 0.224    
1 5 4  192  1 165.451 0.221    
1 5 5  193  1 162.671 0.223    
1 5 5  194  1 162.661 0.328    
1 5 5  195  1 159.371 0.312    
1 5 5  196  1 161.467 0.529    
1 5 5  197  1 159.568 0.873    
1 5 5  198  1 159.568 0.873    
1 5 6  199  1 153.345 1.319    
1 5 6  200  1 152.029 0.529    
1 5 6  201  1 151.276 0.073    
1 5 6  202  1 154.959 0.054    
1 5 6  203  1 155.105 0.080    
1 5 6  204  1 155.005 0.075    
1 5 7  205  1 154.780 0.110    
1 5 7  206  1 155.398 0.130    
1 5 7  207  1 159.457 0.088    
1 5 7  208  1 161.576 0.134    
1 5 7  209  1 153.656 0.257    
1 5 7  210  1 164.173 0.187    
1 6 1  211  1 123.242 1.067    
1 6 1  212  1 123.242 1.067    
1 6 1  213  1 123.242 1.067    
1 6 1  214  1 123.242 1.067    
1 6 1  215  1 135.395 0.182    
1 6 1  216  1 142.187 0.086    
1 6 2  217  1 149.366 0.330    
1 6 2  218  1 151.245 0.375    
1 6 2  219  1 154.287 0.348    
1 6 2  220  1 144.857 0.331    
1 6 2  221  1 153.916 0.385    
1 6 2  222  1 153.916 0.385    
1 6 3  223  1 157.279 0.187    
1 6 3  224  1 159.927 0.165    
1 6 3  225  1 160.853 0.139    
1 6 3  226  1 156.687 0.140    
1 6 3  227  1 157.620 0.141    
1 6 3  228  1 161.632 0.172    
1 6 4  229  1 159.664 0.173    
1 6 4  230  1 158.916 0.174    
1 6 4  231  1 159.617 0.195    
1 6 4  232  1 161.174 0.234    
1 6 4  233  1 162.224 0.250    
1 6 4  234  1 160.775 0.239    
1 6 5  235  1 158.719 0.234    
1 6 5  236  1 158.421 0.255    
1 6 5  237  1 157.911 0.354    
1 6 5  238  1 155.249 0.591    
1 6 5  239  1 151.324 0.932    
1 6 5  240  1 154.347 0.057    
1 6 6  241  1 152.333 0.061    
1 6 6  242  1 150.719 0.079    
1 6 6  243  1 147.630 0.147    
1 6 6  244  1 147.575 0.088    
1 6 6  245  1 147.740 0.080    
1 6 6  246  1 148.356 0.090    
1 6 7  247  1 149.091 0.128    
1 6 7  248  1 149.547 0.117    
1 6 7  249  1 153.341 0.127    
1 6 7  250  1 152.200 0.122    
1 6 7  251  1 154.968 0.151    
1 6 7  252  1 152.020 0.279    
2 1 1  253  1 127.058 0.206    
2 1 1  254  1 126.783 0.214    
2 1 1  255  1 127.864 0.164    
2 1 1  256  1 128.444 0.175    
2 1 1  257  1 129.613 0.143    
2 1 1  258  1 130.347 0.125    
2 1 2  259  1 128.240 0.127    
2 1 2  260  1 129.420 0.133    
2 1 2  261  1 130.625 0.109    
2 1 2  262  1 132.562 0.118    
2 1 2  263  1 134.638 0.087    
2 1 2  264  1 137.841 0.014    
2 1 3  265  1 133.463 0.098    
2 1 3  266  1 133.823 0.014    
2 1 3  267  1 132.726 0.104    
2 1 3  268  1 133.452 0.114    
2 1 3  269  1 133.723 0.119    
2 1 3  270  1 131.482 0.130    
2 1 4  271  1 133.064 0.131    
2 1 4  272  1 133.687 0.020    
2 1 4  273  1 131.879 0.103    
2 1 4  274  1 131.140 0.016    
2 1 4  275  1 133.686 0.015    
2 1 4  276  1 132.420 0.018    
2 1 5  277  1 129.796 0.173    
2 1 5  278  1 129.796 0.173    
2 1 5  279  1 129.796 0.173    
2 1 5  280  1 127.060 0.240    
2 1 5  281  1 126.561 0.267    
2 1 5  282  1 126.384 0.262    
2 1 6  283  1 129.166 0.246    
2 1 6  284  1 131.416 0.313    
2 1 6  285  1 125.655 0.366    
2 1 6  286  1 124.904 0.379    
2 1 6  287  1 123.554 0.392    
2 1 6  288  1 129.594 0.479    
2 1 7  289  1 123.796 0.343    
2 1 7  290  1 126.962 0.379    
2 1 7  291  1 122.111 0.435    
2 1 7  292  1 123.734 0.410    
2 1 7  293  1 122.392 0.521    
2 1 7  294  1 123.784 0.482    
2 2 1  295  1 129.142 0.298    
2 2 1  296  1 131.638 0.288    
2 2 1  297  1 131.860 0.203    
2 2 1  298  1 131.257 0.163    
2 2 1  299  1 131.189 0.148    
2 2 1  300  1 132.041 0.149    
2 2 2  301  1 135.607 0.144    
2 2 2  302  1 137.641 0.137    
2 2 2  303  1 136.918 0.116    
2 2 2  304  1 137.354 0.117    
2 2 2  305  1 132.249 0.030    
2 2 2  306  1 135.855 0.096    
2 2 3  307  1 133.562 0.079    
2 2 3  308  1 134.979 0.088    
2 2 3  309  1 133.056 0.092    
2 2 3  310  1 133.410 0.102    
2 2 3  311  1 133.410 0.102    
2 2 3  312  1 133.410 0.102    
2 2 4  313  1 135.675 0.256    
2 2 4  314  1 136.124 0.284    
2 2 4  315  1 137.480 0.215    
2 2 4  316  1 137.608 0.015    
2 2 4  317  1 137.985 0.016    
2 2 4  318  1 137.528 0.019    
2 2 5  319  1 132.288 0.180    
2 2 5  320  1 130.732 0.211    
2 2 5  321  1 131.867 0.267    
2 2 5  322  1 130.406 0.269    
2 2 5  323  1 128.842 0.261    
2 2 5  324  1 132.223 0.263    
2 2 6  325  1 129.586 0.347    
2 2 6  326  1 129.350 0.409    
2 2 6  327  1 128.253 0.299    
2 2 6  328  1 128.265 0.418    
2 2 6  329  1 131.191 0.315    
2 2 6  330  1 132.383 0.313    
2 2 7  331  1 129.927 0.414    
2 2 7  332  1 127.099 0.803    
2 2 7  333  1 129.102 0.613    
2 2 7  334  1 129.848 0.712    
2 2 7  335  1 128.301 0.684    
2 2 7  336  1 128.570 0.689    
2 3 1  337  1 136.464 0.447    
2 3 1  338  1 139.116 0.259    
2 3 1  339  1 138.234 0.282    
2 3 1  340  1 132.241 0.207    
2 3 1  341  1 132.655 0.196    
2 3 1  342  1 134.138 0.189    
2 3 2  343  1 136.227 0.153    
2 3 2  344  1 135.538 0.136    
2 3 2  345  1 135.583 0.130    
2 3 2  346  1 138.174 0.106    
2 3 2  347  1 139.266 0.096    
2 3 2  348  1 138.483 0.111    
2 3 3  349  1 138.941 0.107    
2 3 3  350  1 139.278 0.110    
2 3 3  351  1 138.812 0.119    
2 3 3  352  1 138.835 0.127    
2 3 3  353  1 139.098 0.138    
2 3 3  354  1 139.410 0.157    
2 3 4  355  1 140.009 0.132    
2 3 4  356  1 140.786 0.144    
2 3 4  357  1 139.590 0.123    
2 3 4  358  1 142.054 0.132    
2 3 4  359  1 140.117 0.139    
2 3 4  360  1 139.538 0.165    
2 3 5  361  1 138.966 0.228    
2 3 5  362  1 138.240 0.213    
2 3 5  363  1 136.813 0.281    
2 3 5  364  1 133.792 0.338    
2 3 5  365  1 135.304 0.308    
2 3 5  366  1 136.768 0.389    
2 3 6  367  1 137.049 0.606    
2 3 6  368  1 138.648 0.502    
2 3 6  369  1 134.837 0.579    
2 3 6  370  1 134.606 0.629    
2 3 6  371  1 134.315 0.579    
2 3 6  372  1 132.420 0.671    
2 3 7  373  1 127.764 0.798    
2 3 7  374  1 126.821 0.692    
2 3 7  375  1 125.813 1.438    
2 3 7  376  1 125.474 0.544    
2 3 7  377  1 120.296 0.269    
2 3 7  378  1 129.811 0.507    
2 4 1  379  1 133.032 0.066    
2 4 1  380  1 136.865 0.380    
2 4 1  381  1 136.972 0.284    
2 4 1  382  1 138.608 0.297    
2 4 1  383  1 137.595 0.256    
2 4 1  384  1 137.195 0.224    
2 4 2  385  1 137.312 0.195    
2 4 2  386  1 138.196 0.163    
2 4 2  387  1 139.380 0.156    
2 4 2  388  1 140.354 0.128    
2 4 2  389  1 141.431 0.110    
2 4 2  390  1 142.447 0.108    
2 4 3  391  1 139.918 0.111    
2 4 3  392  1 140.528 0.111    
2 4 3  393  1 142.355 0.113    
2 4 3  394  1 141.865 0.129    
2 4 3  395  1 141.664 0.159    
2 4 3  396  1 142.154 0.147    
2 4 4  397  1 140.522 0.149    
2 4 4  398  1 139.283 0.158    
2 4 4  399  1 141.201 0.160    
2 4 4  400  1 140.259 0.139    
2 4 4  401  1 141.625 0.131    
2 4 4  402  1 141.240 0.160    
2 4 5  403  1 140.370 0.172    
2 4 5  404  1 140.105 0.208    
2 4 5  405  1 139.876 0.285    
2 4 5  406  1 138.132 0.311    
2 4 5  407  1 138.132 0.311    
2 4 5  408  1 138.132 0.311    
2 4 6  409  1 136.387 0.429    
2 4 6  410  1 136.189 0.455    
2 4 6  411  1 135.569 0.458    
2 4 6  412  1 133.326 0.574    
2 4 6  413  1 133.833 0.536    
2 4 6  414  1 133.347 0.588    
2 4 7  415  1 132.204 0.460    
2 4 7  416  1 131.152 1.305    
2 4 7  417  1 132.229 0.099    
2 4 7  418  1 132.499 0.204    
2 4 7  419  1 130.966 0.160    
2 4 7  420  1 127.589 0.344    
2 5 1  421  1 148.597 1.071    
2 5 1  422  1 148.597 1.071    
2 5 1  423  1 148.597 1.071    
2 5 1  424  1 144.031 0.236    
2 5 1  425  1 148.597 1.071    
2 5 1  426  1 152.214 0.512    
2 5 2  427  1 152.924 0.354    
2 5 2  428  1 154.030 0.295    
2 5 2  429  1 152.867 0.363    
2 5 2  430  1 153.811 0.042    
2 5 2  431  1 156.014 0.061    
2 5 2  432  1 161.481 0.223    
2 5 3  433  1 160.987 0.149    
2 5 3  434  1 161.205 0.143    
2 5 3  435  1 163.794 0.145    
2 5 3  436  1 161.564 0.137    
2 5 3  437  1 163.614 0.125    
2 5 3  438  1 165.069 0.188    
2 5 4  439  1 163.470 0.174    
2 5 4  440  1 161.163 0.186    
2 5 4  441  1 162.054 0.200    
2 5 4  442  1 162.870 0.192    
2 5 4  443  1 165.562 0.224    
2 5 4  444  1 165.451 0.221    
2 5 5  445  1 162.671 0.223    
2 5 5  446  1 162.661 0.328    
2 5 5  447  1 159.371 0.312    
2 5 5  448  1 161.467 0.529    
2 5 5  449  1 159.568 0.873    
2 5 5  450  1 159.568 0.873    
2 5 6  451  1 153.345 1.319    
2 5 6  452  1 152.029 0.529    
2 5 6  453  1 151.276 0.073    
2 5 6  454  1 154.959 0.054    
2 5 6  455  1 155.105 0.080    
2 5 6  456  1 155.005 0.075    
2 5 7  457  1 154.780 0.110    
2 5 7  458  1 155.398 0.130    
2 5 7  459  1 159.457 0.088    
2 5 7  460  1 161.576 0.134    
2 5 7  461  1 153.656 0.257    
2 5 7  462  1 164.173 0.187    
2 6 1  463  1 123.242 1.067    
2 6 1  464  1 123.242 1.067    
2 6 1  465  1 123.242 1.067    
2 6 1  466  1 123.242 1.067    
2 6 1  467  1 135.395 0.182    
2 6 1  468  1 142.187 0.086    
2 6 2  469  1 149.366 0.330    
2 6 2  470  1 151.245 0.375    
2 6 2  471  1 154.287 0.348    
2 6 2  472  1 144.857 0.331    
2 6 2  473  1 153.916 0.385    
2 6 2  474  1 153.916 0.385    
2 6 3  475  1 157.279 0.187    
2 6 3  476  1 159.927 0.165    
2 6 3  477  1 160.853 0.139    
2 6 3  478  1 156.687 0.140    
2 6 3  479  1 157.620 0.141    
2 6 3  480  1 161.632 0.172    
2 6 4  481  1 159.664 0.173    
2 6 4  482  1 158.916 0.174    
2 6 4  483  1 159.617 0.195    
2 6 4  484  1 161.174 0.234    
2 6 4  485  1 162.224 0.250    
2 6 4  486  1 160.775 0.239    
2 6 5  487  1 158.719 0.234    
2 6 5  488  1 158.421 0.255    
2 6 5  489  1 157.911 0.354    
2 6 5  490  1 155.249 0.591    
2 6 5  491  1 151.324 0.932    
2 6 5  492  1 154.347 0.057    
2 6 6  493  1 152.333 0.061    
2 6 6  494  1 150.719 0.079    
2 6 6  495  1 147.630 0.147    
2 6 6  496  1 147.575 0.088    
2 6 6  497  1 147.740 0.080    
2 6 6  498  1 148.356 0.090    
2 6 7  499  1 149.091 0.128    
2 6 7  500  1 149.547 0.117    
2 6 7  501  1 153.341 0.127    
2 6 7  502  1 152.200 0.122    
2 6 7  503  1 154.968 0.151    
2 6 7  504  1 152.020 0.279    
3 1 1  505  1 127.058 0.206    
3 1 1  506  1 126.783 0.214    
3 1 1  507  1 127.864 0.164    
3 1 1  508  1 128.444 0.175    
3 1 1  509  1 129.613 0.143    
3 1 1  510  1 130.347 0.125    
3 1 2  511  1 128.240 0.127    
3 1 2  512  1 129.420 0.133    
3 1 2  513  1 130.625 0.109    
3 1 2  514  1 132.562 0.118    
3 1 2  515  1 134.638 0.087    
3 1 2  516  1 137.841 0.014    
3 1 3  517  1 133.463 0.098    
3 1 3  518  1 133.823 0.014    
3 1 3  519  1 132.726 0.104    
3 1 3  520  1 133.452 0.114    
3 1 3  521  1 133.723 0.119    
3 1 3  522  1 131.482 0.130    
3 1 4  523  1 133.064 0.131    
3 1 4  524  1 133.687 0.020    
3 1 4  525  1 131.879 0.103    
3 1 4  526  1 131.140 0.016    
3 1 4  527  1 133.686 0.015    
3 1 4  528  1 132.420 0.018    
3 1 5  529  1 129.796 0.173    
3 1 5  530  1 129.796 0.173    
3 1 5  531  1 129.796 0.173    
3 1 5  532  1 127.060 0.240    
3 1 5  533  1 126.561 0.267    
3 1 5  534  1 126.384 0.262    
3 1 6  535  1 129.166 0.246    
3 1 6  536  1 131.416 0.313    
3 1 6  537  1 125.655 0.366    
3 1 6  538  1 124.904 0.379    
3 1 6  539  1 123.554 0.392    
3 1 6  540  1 129.594 0.479    
3 1 7  541  1 123.796 0.343    
3 1 7  542  1 126.962 0.379    
3 1 7  543  1 122.111 0.435    
3 1 7  544  1 123.734 0.410    
3 1 7  545  1 122.392 0.521    
3 1 7  546  1 123.784 0.482    
3 2 1  547  1 129.142 0.298    
3 2 1  548  1 131.638 0.288    
3 2 1  549  1 131.860 0.203    
3 2 1  550  1 131.257 0.163    
3 2 1  551  1 131.189 0.148    
3 2 1  552  1 132.041 0.149    
3 2 2  553  1 135.607 0.144    
3 2 2  554  1 137.641 0.137    
3 2 2  555  1 136.918 0.116    
3 2 2  556  1 137.354 0.117    
3 2 2  557  1 132.249 0.030    
3 2 2  558  1 135.855 0.096    
3 2 3  559  1 133.562 0.079    
3 2 3  560  1 134.979 0.088    
3 2 3  561  1 133.056 0.092    
3 2 3  562  1 133.410 0.102    
3 2 3  563  1 133.410 0.102    
3 2 3  564  1 133.410 0.102    
3 2 4  565  1 135.675 0.256    
3 2 4  566  1 136.124 0.284    
3 2 4  567  1 137.480 0.215    
3 2 4  568  1 137.608 0.015    
3 2 4  569  1 137.985 0.016    
3 2 4  570  1 137.528 0.019    
3 2 5  571  1 132.288 0.180    
3 2 5  572  1 130.732 0.211    
3 2 5  573  1 131.867 0.267    
3 2 5  574  1 130.406 0.269    
3 2 5  575  1 128.842 0.261    
3 2 5  576  1 132.223 0.263    
3 2 6  577  1 129.586 0.347    
3 2 6  578  1 129.350 0.409    
3 2 6  579  1 128.253 0.299    
3 2 6  580  1 128.265 0.418    
3 2 6  581  1 131.191 0.315    
3 2 6  582  1 132.383 0.313    
3 2 7  583  1 129.927 0.414    
3 2 7  584  1 127.099 0.803    
3 2 7  585  1 129.102 0.613    
3 2 7  586  1 129.848 0.712    
3 2 7  587  1 128.301 0.684    
3 2 7  588  1 128.570 0.689    
3 3 1  589  1 136.464 0.447    
3 3 1  590  1 139.116 0.259    
3 3 1  591  1 138.234 0.282    
3 3 1  592  1 132.241 0.207    
3 3 1  593  1 132.655 0.196    
3 3 1  594  1 134.138 0.189    
3 3 2  595  1 136.227 0.153    
3 3 2  596  1 135.538 0.136    
3 3 2  597  1 135.583 0.130    
3 3 2  598  1 138.174 0.106    
3 3 2  599  1 139.266 0.096    
3 3 2  600  1 138.483 0.111    
3 3 3  601  1 138.941 0.107    
3 3 3  602  1 139.278 0.110    
3 3 3  603  1 138.812 0.119    
3 3 3  604  1 138.835 0.127    
3 3 3  605  1 139.098 0.138    
3 3 3  606  1 139.410 0.157    
3 3 4  607  1 140.009 0.132    
3 3 4  608  1 140.786 0.144    
3 3 4  609  1 139.590 0.123    
3 3 4  610  1 142.054 0.132    
3 3 4  611  1 140.117 0.139    
3 3 4  612  1 139.538 0.165    
3 3 5  613  1 138.966 0.228    
3 3 5  614  1 138.240 0.213    
3 3 5  615  1 136.813 0.281    
3 3 5  616  1 133.792 0.338    
3 3 5  617  1 135.304 0.308    
3 3 5  618  1 136.768 0.389    
3 3 6  619  1 137.049 0.606    
3 3 6  620  1 138.648 0.502    
3 3 6  621  1 134.837 0.579    
3 3 6  622  1 134.606 0.629    
3 3 6  623  1 134.315 0.579    
3 3 6  624  1 132.420 0.671    
3 3 7  625  1 127.764 0.798    
3 3 7  626  1 126.821 0.692    
3 3 7  627  1 125.813 1.438    
3 3 7  628  1 125.474 0.544    
3 3 7  629  1 120.296 0.269    
3 3 7  630  1 129.811 0.507    
3 4 1  631  1 133.032 0.066    
3 4 1  632  1 136.865 0.380    
3 4 1  633  1 136.972 0.284    
3 4 1  634  1 138.608 0.297    
3 4 1  635  1 137.595 0.256    
3 4 1  636  1 137.195 0.224    
3 4 2  637  1 137.312 0.195    
3 4 2  638  1 138.196 0.163    
3 4 2  639  1 139.380 0.156    
3 4 2  640  1 140.354 0.128    
3 4 2  641  1 141.431 0.110    
3 4 2  642  1 142.447 0.108    
3 4 3  643  1 139.918 0.111    
3 4 3  644  1 140.528 0.111    
3 4 3  645  1 142.355 0.113    
3 4 3  646  1 141.865 0.129    
3 4 3  647  1 141.664 0.159    
3 4 3  648  1 142.154 0.147    
3 4 4  649  1 140.522 0.149    
3 4 4  650  1 139.283 0.158    
3 4 4  651  1 141.201 0.160    
3 4 4  652  1 140.259 0.139    
3 4 4  653  1 141.625 0.131    
3 4 4  654  1 141.240 0.160    
3 4 5  655  1 140.370 0.172    
3 4 5  656  1 140.105 0.208    
3 4 5  657  1 139.876 0.285    
3 4 5  658  1 138.132 0.311    
3 4 5  659  1 138.132 0.311    
3 4 5  660  1 138.132 0.311    
3 4 6  661  1 136.387 0.429    
3 4 6  662  1 136.189 0.455    
3 4 6  663  1 135.569 0.458    
3 4 6  664  1 133.326 0.574    
3 4 6  665  1 133.833 0.536    
3 4 6  666  1 133.347 0.588    
3 4 7  667  1 132.204 0.460    
3 4 7  668  1 131.152 1.305    
3 4 7  669  1 132.229 0.099    
3 4 7  670  1 132.499 0.204    
3 4 7  671  1 130.966 0.160    
3 4 7  672  1 127.589 0.344    
3 5 1  673  1 148.597 1.071    
3 5 1  674  1 148.597 1.071    
3 5 1  675  1 148.597 1.071    
3 5 1  676  1 144.031 0.236    
3 5 1  677  1 148.597 1.071    
3 5 1  678  1 152.214 0.512    
3 5 2  679  1 152.924 0.354    
3 5 2  680  1 154.030 0.295    
3 5 2  681  1 152.867 0.363    
3 5 2  682  1 153.811 0.042    
3 5 2  683  1 156.014 0.061    
3 5 2  684  1 161.481 0.223    
3 5 3  685  1 160.987 0.149    
3 5 3  686  1 161.205 0.143    
3 5 3  687  1 163.794 0.145    
3 5 3  688  1 161.564 0.137    
3 5 3  689  1 163.614 0.125    
3 5 3  690  1 165.069 0.188    
3 5 4  691  1 163.470 0.174    
3 5 4  692  1 161.163 0.186    
3 5 4  693  1 162.054 0.200    
3 5 4  694  1 162.870 0.192    
3 5 4  695  1 165.562 0.224    
3 5 4  696  1 165.451 0.221    
3 5 5  697  1 162.671 0.223    
3 5 5  698  1 162.661 0.328    
3 5 5  699  1 159.371 0.312    
3 5 5  700  1 161.467 0.529    
3 5 5  701  1 159.568 0.873    
3 5 5  702  1 159.568 0.873    
3 5 6  703  1 153.345 1.319    
3 5 6  704  1 152.029 0.529    
3 5 6  705  1 151.276 0.073    
3 5 6  706  1 154.959 0.054    
3 5 6  707  1 155.105 0.080    
3 5 6  708  1 155.005 0.075    
3 5 7  709  1 154.780 0.110    
3 5 7  710  1 155.398 0.130    
3 5 7  711  1 159.457 0.088    
3 5 7  712  1 161.576 0.134    
3 5 7  713  1 153.656 0.257    
3 5 7  714  1 164.173 0.187    
3 6 1  715  1 123.242 1.067    
3 6 1  716  1 123.242 1.067    
3 6 1  717  1 123.242 1.067    
3 6 1  718  1 123.242 1.067    
3 6 1  719  1 135.395 0.182    
3 6 1  720  1 142.187 0.086    
3 6 2  721  1 149.366 0.330    
3 6 2  722  1 151.245 0.375    
3 6 2  723  1 154.287 0.348    
3 6 2  724  1 144.857 0.331    
3 6 2  725  1 153.916 0.385    
3 6 2  726  1 153.916 0.385    
3 6 3  727  1 157.279 0.187    
3 6 3  728  1 159.927 0.165    
3 6 3  729  1 160.853 0.139    
3 6 3  730  1 156.687 0.140    
3 6 3  731  1 157.620 0.141    
3 6 3  732  1 161.632 0.172    
3 6 4  733  1 159.664 0.173    
3 6 4  734  1 158.916 0.174    
3 6 4  735  1 159.617 0.195    
3 6 4  736  1 161.174 0.234    
3 6 4  737  1 162.224 0.250    
3 6 4  738  1 160.775 0.239    
3 6 5  739  1 158.719 0.234    
3 6 5  740  1 158.421 0.255    
3 6 5  741  1 157.911 0.354    
3 6 5  742  1 155.249 0.591    
3 6 5  743  1 151.324 0.932    
3 6 5  744  1 154.347 0.057    
3 6 6  745  1 152.333 0.061    
3 6 6  746  1 150.719 0.079    
3 6 6  747  1 147.630 0.147    
3 6 6  748  1 147.575 0.088    
3 6 6  749  1 147.740 0.080    
3 6 6  750  1 148.356 0.090    
3 6 7  751  1 149.091 0.128    
3 6 7  752  1 149.547 0.117    
3 6 7  753  1 153.341 0.127    
3 6 7  754  1 152.200 0.122    
3 6 7  755  1 154.968 0.151    
3 6 7  756  1 152.020 0.279    
4 1 1  757  1 127.058 0.206    
4 1 1  758  1 126.783 0.214    
4 1 1  759  1 127.864 0.164    
4 1 1  760  1 128.444 0.175    
4 1 1  761  1 129.613 0.143    
4 1 1  762  1 130.347 0.125    
4 1 2  763  1 128.240 0.127    
4 1 2  764  1 129.420 0.133    
4 1 2  765  1 130.625 0.109    
4 1 2  766  1 132.562 0.118    
4 1 2  767  1 134.638 0.087    
4 1 2  768  1 137.841 0.014    
4 1 3  769  1 133.463 0.098    
4 1 3  770  1 133.823 0.014    
4 1 3  771  1 132.726 0.104    
4 1 3  772  1 133.452 0.114    
4 1 3  773  1 133.723 0.119    
4 1 3  774  1 131.482 0.130    
4 1 4  775  1 133.064 0.131    
4 1 4  776  1 133.687 0.020    
4 1 4  777  1 131.879 0.103    
4 1 4  778  1 131.140 0.016    
4 1 4  779  1 133.686 0.015    
4 1 4  780  1 132.420 0.018    
4 1 5  781  1 129.796 0.173    
4 1 5  782  1 129.796 0.173    
4 1 5  783  1 129.796 0.173    
4 1 5  784  1 127.060 0.240    
4 1 5  785  1 126.561 0.267    
4 1 5  786  1 126.384 0.262    
4 1 6  787  1 129.166 0.246    
4 1 6  788  1 131.416 0.313    
4 1 6  789  1 125.655 0.366    
4 1 6  790  1 124.904 0.379    
4 1 6  791  1 123.554 0.392    
4 1 6  792  1 129.594 0.479    
4 1 7  793  1 123.796 0.343    
4 1 7  794  1 126.962 0.379    
4 1 7  795  1 122.111 0.435    
4 1 7  796  1 123.734 0.410    
4 1 7  797  1 122.392 0.521    
4 1 7  798  1 123.784 0.482    
4 2 1  799  1 129.142 0.298    
4 2 1  800  1 131.638 0.288    
4 2 1  801  1 131.860 0.203    
4 2 1  802  1 131.257 0.163    
4 2 1  803  1 131.189 0.148    
4 2 1  804  1 132.041 0.149    
4 2 2  805  1 135.607 0.144    
4 2 2  806  1 137.641 0.137    
4 2 2  807  1 136.918 0.116    
4 2 2  808  1 137.354 0.117    
4 2 2  809  1 132.249 0.030    
4 2 2  810  1 135.855 0.096    
4 2 3  811  1 133.562 0.079    
4 2 3  812  1 134.979 0.088    
4 2 3  813  1 133.056 0.092    
4 2 3  814  1 133.410 0.102    
4 2 3  815  1 133.410 0.102    
4 2 3  816  1 133.410 0.102    
4 2 4  817  1 135.675 0.256    
4 2 4  818  1 136.124 0.284    
4 2 4  819  1 137.480 0.215    
4 2 4  820  1 137.608 0.015    
4 2 4  821  1 137.985 0.016    
4 2 4  822  1 137.528 0.019    
4 2 5  823  1 132.288 0.180    
4 2 5  824  1 130.732 0.211    
4 2 5  825  1 131.867 0.267    
4 2 5  826  1 130.406 0.269    
4 2 5  827  1 128.842 0.261    
4 2 5  828  1 132.223 0.263    
4 2 6  829  1 129.586 0.347    
4 2 6  830  1 129.350 0.409    
4 2 6  831  1 128.253 0.299    
4 2 6  832  1 128.265 0.418    
4 2 6  833  1 131.191 0.315    
4 2 6  834  1 132.383 0.313    
4 2 7  835  1 129.927 0.414    
4 2 7  836  1 127.099 0.803    
4 2 7  837  1 129.102 0.613    
4 2 7  838  1 129.848 0.712    
4 2 7  839  1 128.301 0.684    
4 2 7  840  1 128.570 0.689    
4 3 1  841  1 136.464 0.447    
4 3 1  842  1 139.116 0.259    
4 3 1  843  1 138.234 0.282    
4 3 1  844  1 132.241 0.207    
4 3 1  845  1 132.655 0.196    
4 3 1  846  1 134.138 0.189    
4 3 2  847  1 136.227 0.153    
4 3 2  848  1 135.538 0.136    
4 3 2  849  1 135.583 0.130    
4 3 2  850  1 138.174 0.106    
4 3 2  851  1 139.266 0.096    
4 3 2  852  1 138.483 0.111    
4 3 3  853  1 138.941 0.107    
4 3 3  854  1 139.278 0.110    
4 3 3  855  1 138.812 0.119    
4 3 3  856  1 138.835 0.127    
4 3 3  857  1 139.098 0.138    
4 3 3  858  1 139.410 0.157    
4 3 4  859  1 140.009 0.132    
4 3 4  860  1 140.786 0.144    
4 3 4  861  1 139.590 0.123    
4 3 4  862  1 142.054 0.132    
4 3 4  863  1 140.117 0.139    
4 3 4  864  1 139.538 0.165    
4 3 5  865  1 138.966 0.228    
4 3 5  866  1 138.240 0.213    
4 3 5  867  1 136.813 0.281    
4 3 5  868  1 133.792 0.338    
4 3 5  869  1 135.304 0.308    
4 3 5  870  1 136.768 0.389    
4 3 6  871  1 137.049 0.606    
4 3 6  872  1 138.648 0.502    
4 3 6  873  1 134.837 0.579    
4 3 6  874  1 134.606 0.629    
4 3 6  875  1 134.315 0.579    
4 3 6  876  1 132.420 0.671    
4 3 7  877  1 127.764 0.798    
4 3 7  878  1 126.821 0.692    
4 3 7  879  1 125.813 1.438    
4 3 7  880  1 125.474 0.544    
4 3 7  881  1 120.296 0.269    
4 3 7  882  1 129.811 0.507    
4 4 1  883  1 133.032 0.066    
4 4 1  884  1 136.865 0.380    
4 4 1  885  1 136.972 0.284    
4 4 1  886  1 138.608 0.297    
4 4 1  887  1 137.595 0.256    
4 4 1  888  1 137.195 0.224    
4 4 2  889  1 137.312 0.195    
4 4 2  890  1 138.196 0.163    
4 4 2  891  1 139.380 0.156    
4 4 2  892  1 140.354 0.128    
4 4 2  893  1 141.431 0.110    
4 4 2  894  1 142.447 0.108    
4 4 3  895  1 139.918 0.111    
4 4 3  896  1 140.528 0.111    
4 4 3  897  1 142.355 0.113    
4 4 3  898  1 141.865 0.129    
4 4 3  899  1 141.664 0.159    
4 4 3  900  1 142.154 0.147    
4 4 4  901  1 140.522 0.149    
4 4 4  902  1 139.283 0.158    
4 4 4  903  1 141.201 0.160    
4 4 4  904  1 140.259 0.139    
4 4 4  905  1 141.625 0.131    
4 4 4  906  1 141.240 0.160    
4 4 5  907  1 140.370 0.172    
4 4 5  908  1 140.105 0.208    
4 4 5  909  1 139.876 0.285    
4 4 5  910  1 138.132 0.311    
4 4 5  911  1 138.132 0.311    
4 4 5  912  1 138.132 0.311    
4 4 6  913  1 136.387 0.429    
4 4 6  914  1 136.189 0.455    
4 4 6  915  1 135.569 0.458    
4 4 6  916  1 133.326 0.574    
4 4 6  917  1 133.833 0.536    
4 4 6  918  1 133.347 0.588    
4 4 7  919  1 132.204 0.460    
4 4 7  920  1 131.152 1.305    
4 4 7  921  1 132.229 0.099    
4 4 7  922  1 132.499 0.204    
4 4 7  923  1 130.966 0.160    
4 4 7  924  1 127.589 0.344    
4 5 1  925  1 148.597 1.071    
4 5 1  926  1 148.597 1.071    
4 5 1  927  1 148.597 1.071    
4 5 1  928  1 144.031 0.236    
4 5 1  929  1 148.597 1.071    
4 5 1  930  1 152.214 0.512    
4 5 2  931  1 152.924 0.354    
4 5 2  932  1 154.030 0.295    
4 5 2  933  1 152.867 0.363    
4 5 2  934  1 153.811 0.042    
4 5 2  935  1 156.014 0.061    
4 5 2  936  1 161.481 0.223    
4 5 3  937  1 160.987 0.149    
4 5 3  938  1 161.205 0.143    
4 5 3  939  1 163.794 0.145    
4 5 3  940  1 161.564 0.137    
4 5 3  941  1 163.614 0.125    
4 5 3  942  1 165.069 0.188    
4 5 4  943  1 163.470 0.174    
4 5 4  944  1 161.163 0.186    
4 5 4  945  1 162.054 0.200    
4 5 4  946  1 162.870 0.192    
4 5 4  947  1 165.562 0.224    
4 5 4  948  1 165.451 0.221    
4 5 5  949  1 162.671 0.223    
4 5 5  950  1 162.661 0.328    
4 5 5  951  1 159.371 0.312    
4 5 5  952  1 161.467 0.529    
4 5 5  953  1 159.568 0.873    
4 5 5  954  1 159.568 0.873    
4 5 6  955  1 153.345 1.319    
4 5 6  956  1 152.029 0.529    
4 5 6  957  1 151.276 0.073    
4 5 6  958  1 154.959 0.054    
4 5 6  959  1 155.105 0.080    
4 5 6  960  1 155.005 0.075    
4 5 7  961  1 154.780 0.110    
4 5 7  962  1 155.398 0.130    
4 5 7  963  1 159.457 0.088    
4 5 7  964  1 161.576 0.134    
4 5 7  965  1 153.656 0.257    
4 5 7  966  1 164.173 0.187    
4 6 1  967  1 123.242 1.067    
4 6 1  968  1 123.242 1.067    
4 6 1  969  1 123.242 1.067    
4 6 1  970  1 123.242 1.067    
4 6 1  971  1 135.395 0.182    
4 6 1  972  1 142.187 0.086    
4 6 2  973  1 149.366 0.330    
4 6 2  974  1 151.245 0.375    
4 6 2  975  1 154.287 0.348    
4 6 2  976  1 144.857 0.331    
4 6 2  977  1 153.916 0.385    
4 6 2  978  1 153.916 0.385    
4 6 3  979  1 157.279 0.187    
4 6 3  980  1 159.927 0.165    
4 6 3  981  1 160.853 0.139    
4 6 3  982  1 156.687 0.140    
4 6 3  983  1 157.620 0.141    
4 6 3  984  1 161.632 0.172    
4 6 4  985  1 159.664 0.173    
4 6 4  986  1 158.916 0.174    
4 6 4  987  1 159.617 0.195    
4 6 4  988  1 161.174 0.234    
4 6 4  989  1 162.224 0.250    
4 6 4  990  1 160.775 0.239    
4 6 5  991  1 158.719 0.234    
4 6 5  992  1 158.421 0.255    
4 6 5  993  1 157.911 0.354    
4 6 5  994  1 155.249 0.591    
4 6 5  995  1 151.324 0.932    
4 6 5  996  1 154.347 0.057    
4 6 6  997  1 152.333 0.061    
4 6 6  998  1 150.719 0.079    
4 6 6  999  1 147.630 0.147    
4 6 6  1000 1 147.575 0.088    
4 6 6  1001 1 147.740 0.080    
4 6 6  1002 1 148.356 0.090    
4 6 7  1003 1 149.091 0.128    
4 6 7  1004 1 149.547 0.117    
4 6 7  1005 1 153.341 0.127    
4 6 7  1006 1 152.200 0.122    
4 6 7  1007 1 154.968 0.151    
4 6 7  1008 1 152.020 0.279    
5 1 1  1009 1 127.058 0.206    
5 1 1  1010 1 126.783 0.214    
5 1 1  1011 1 127.864 0.164    
5 1 1  1012 1 128.444 0.175    
5 1 1  1013 1 129.613 0.143    
5 1 1  1014 1 130.347 0.125    
5 1 2  1015 1 128.240 0.127    
5 1 2  1016 1 129.420 0.133    
5 1 2  1017 1 130.625 0.109    
5 1 2  1018 1 132.562 0.118    
5 1 2  1019 1 134.638 0.087    
5 1 2  1020 1 137.841 0.014    
5 1 3  1021 1 133.463 0.098    
5 1 3  1022 1 133.823 0.014    
5 1 3  1023 1 132.726 0.104    
5 1 3  1024 1 133.452 0.114    
5 1 3  1025 1 133.723 0.119    
5 1 3  1026 1 131.482 0.130    
5 1 4  1027 1 133.064 0.131    
5 1 4  1028 1 133.687 0.020    
5 1 4  1029 1 131.879 0.103    
5 1 4  1030 1 131.140 0.016    
5 1 4  1031 1 133.686 0.015    
5 1 4  1032 1 132.420 0.018    
5 1 5  1033 1 129.796 0.173    
5 1 5  1034 1 129.796 0.173    
5 1 5  1035 1 129.796 0.173    
5 1 5  1036 1 127.060 0.240    
5 1 5  1037 1 126.561 0.267    
5 1 5  1038 1 126.384 0.262    
5 1 6  1039 1 129.166 0.246    
5 1 6  1040 1 131.416 0.313    
5 1 6  1041 1 125.655 0.366    
5 1 6  1042 1 124.904 0.379    
5 1 6  1043 1 123.554 0.392    
5 1 6  1044 1 129.594 0.479    
5 1 7  1045 1 123.796 0.343    
5 1 7  1046 1 126.962 0.379    
5 1 7  1047 1 122.111 0.435    
5 1 7  1048 1 123.734 0.410    
5 1 7  1049 1 122.392 0.521    
5 1 7  1050 1 123.784 0.482    
5 2 1  1051 1 129.142 0.298    
5 2 1  1052 1 131.638 0.288    
5 2 1  1053 1 131.860 0.203    
5 2 1  1054 1 131.257 0.163    
5 2 1  1055 1 131.189 0.148    
5 2 1  1056 1 132.041 0.149    
5 2 2  1057 1 135.607 0.144    
5 2 2  1058 1 137.641 0.137    
5 2 2  1059 1 136.918 0.116    
5 2 2  1060 1 137.354 0.117    
5 2 2  1061 1 132.249 0.030    
5 2 2  1062 1 135.855 0.096    
5 2 3  1063 1 133.562 0.079    
5 2 3  1064 1 134.979 0.088    
5 2 3  1065 1 133.056 0.092    
5 2 3  1066 1 133.410 0.102    
5 2 3  1067 1 133.410 0.102    
5 2 3  1068 1 133.410 0.102    
5 2 4  1069 1 135.675 0.256    
5 2 4  1070 1 136.124 0.284    
5 2 4  1071 1 137.480 0.215    
5 2 4  1072 1 137.608 0.015    
5 2 4  1073 1 137.985 0.016    
5 2 4  1074 1 137.528 0.019    
5 2 5  1075 1 132.288 0.180    
5 2 5  1076 1 130.732 0.211    
5 2 5  1077 1 131.867 0.267    
5 2 5  1078 1 130.406 0.269    
5 2 5  1079 1 128.842 0.261    
5 2 5  1080 1 132.223 0.263    
5 2 6  1081 1 129.586 0.347    
5 2 6  1082 1 129.350 0.409    
5 2 6  1083 1 128.253 0.299    
5 2 6  1084 1 128.265 0.418    
5 2 6  1085 1 131.191 0.315    
5 2 6  1086 1 132.383 0.313    
5 2 7  1087 1 129.927 0.414    
5 2 7  1088 1 127.099 0.803    
5 2 7  1089 1 129.102 0.613    
5 2 7  1090 1 129.848 0.712    
5 2 7  1091 1 128.301 0.684    
5 2 7  1092 1 128.570 0.689    
5 3 1  1093 1 136.464 0.447    
5 3 1  1094 1 139.116 0.259    
5 3 1  1095 1 138.234 0.282    
5 3 1  1096 1 132.241 0.207    
5 3 1  1097 1 132.655 0.196    
5 3 1  1098 1 134.138 0.189    
5 3 2  1099 1 136.227 0.153    
5 3 2  1100 1 135.538 0.136    
5 3 2  1101 1 135.583 0.130    
5 3 2  1102 1 138.174 0.106    
5 3 2  1103 1 139.266 0.096    
5 3 2  1104 1 138.483 0.111    
5 3 3  1105 1 138.941 0.107    
5 3 3  1106 1 139.278 0.110    
5 3 3  1107 1 138.812 0.119    
5 3 3  1108 1 138.835 0.127    
5 3 3  1109 1 139.098 0.138    
5 3 3  1110 1 139.410 0.157    
5 3 4  1111 1 140.009 0.132    
5 3 4  1112 1 140.786 0.144    
5 3 4  1113 1 139.590 0.123    
5 3 4  1114 1 142.054 0.132    
5 3 4  1115 1 140.117 0.139    
5 3 4  1116 1 139.538 0.165    
5 3 5  1117 1 138.966 0.228    
5 3 5  1118 1 138.240 0.213    
5 3 5  1119 1 136.813 0.281    
5 3 5  1120 1 133.792 0.338    
5 3 5  1121 1 135.304 0.308    
5 3 5  1122 1 136.768 0.389    
5 3 6  1123 1 137.049 0.606    
5 3 6  1124 1 138.648 0.502    
5 3 6  1125 1 134.837 0.579    
5 3 6  1126 1 134.606 0.629    
5 3 6  1127 1 134.315 0.579    
5 3 6  1128 1 132.420 0.671    
5 3 7  1129 1 127.764 0.798    
5 3 7  1130 1 126.821 0.692    
5 3 7  1131 1 125.813 1.438    
5 3 7  1132 1 125.474 0.544    
5 3 7  1133 1 120.296 0.269    
5 3 7  1134 1 129.811 0.507    
5 4 1  1135 1 133.032 0.066    
5 4 1  1136 1 136.865 0.380    
5 4 1  1137 1 136.972 0.284    
5 4 1  1138 1 138.608 0.297    
5 4 1  1139 1 137.595 0.256    
5 4 1  1140 1 137.195 0.224    
5 4 2  1141 1 137.312 0.195    
5 4 2  1142 1 138.196 0.163    
5 4 2  1143 1 139.380 0.156    
5 4 2  1144 1 140.354 0.128    
5 4 2  1145 1 141.431 0.110    
5 4 2  1146 1 142.447 0.108    
5 4 3  1147 1 139.918 0.111    
5 4 3  1148 1 140.528 0.111    
5 4 3  1149 1 142.355 0.113    
5 4 3  1150 1 141.865 0.129    
5 4 3  1151 1 141.664 0.159    
5 4 3  1152 1 142.154 0.147    
5 4 4  1153 1 140.522 0.149    
5 4 4  1154 1 139.283 0.158    
5 4 4  1155 1 141.201 0.160    
5 4 4  1156 1 140.259 0.139    
5 4 4  1157 1 141.625 0.131    
5 4 4  1158 1 141.240 0.160    
5 4 5  1159 1 140.370 0.172    
5 4 5  1160 1 140.105 0.208    
5 4 5  1161 1 139.876 0.285    
5 4 5  1162 1 138.132 0.311    
5 4 5  1163 1 138.132 0.311    
5 4 5  1164 1 138.132 0.311    
5 4 6  1165 1 136.387 0.429    
5 4 6  1166 1 136.189 0.455    
5 4 6  1167 1 135.569 0.458    
5 4 6  1168 1 133.326 0.574    
5 4 6  1169 1 133.833 0.536    
5 4 6  1170 1 133.347 0.588    
5 4 7  1171 1 132.204 0.460    
5 4 7  1172 1 131.152 1.305    
5 4 7  1173 1 132.229 0.099    
5 4 7  1174 1 132.499 0.204    
5 4 7  1175 1 130.966 0.160    
5 4 7  1176 1 127.589 0.344    
5 5 1  1177 1 148.597 1.071    
5 5 1  1178 1 148.597 1.071    
5 5 1  1179 1 148.597 1.071    
5 5 1  1180 1 144.031 0.236    
5 5 1  1181 1 148.597 1.071    
5 5 1  1182 1 152.214 0.512    
5 5 2  1183 1 152.924 0.354    
5 5 2  1184 1 154.030 0.295    
5 5 2  1185 1 152.867 0.363    
5 5 2  1186 1 153.811 0.042    
5 5 2  1187 1 156.014 0.061    
5 5 2  1188 1 161.481 0.223    
5 5 3  1189 1 160.987 0.149    
5 5 3  1190 1 161.205 0.143    
5 5 3  1191 1 163.794 0.145    
5 5 3  1192 1 161.564 0.137    
5 5 3  1193 1 163.614 0.125    
5 5 3  1194 1 165.069 0.188    
5 5 4  1195 1 163.470 0.174    
5 5 4  1196 1 161.163 0.186    
5 5 4  1197 1 162.054 0.200    
5 5 4  1198 1 162.870 0.192    
5 5 4  1199 1 165.562 0.224    
5 5 4  1200 1 165.451 0.221    
5 5 5  1201 1 162.671 0.223    
5 5 5  1202 1 162.661 0.328    
5 5 5  1203 1 159.371 0.312    
5 5 5  1204 1 161.467 0.529    
5 5 5  1205 1 159.568 0.873    
5 5 5  1206 1 159.568 0.873    
5 5 6  1207 1 153.345 1.319    
5 5 6  1208 1 152.029 0.529    
5 5 6  1209 1 151.276 0.073    
5 5 6  1210 1 154.959 0.054    
5 5 6  1211 1 155.105 0.080    
5 5 6  1212 1 155.005 0.075    
5 5 7  1213 1 154.780 0.110    
5 5 7  1214 1 155.398 0.130    
5 5 7  1215 1 159.457 0.088    
5 5 7  1216 1 161.576 0.134    
5 5 7  1217 1 153.656 0.257    
5 5 7  1218 1 164.173 0.187    
5 6 1  1219 1 123.242 1.067    
5 6 1  1220 1 123.242 1.067    
5 6 1  1221 1 123.242 1.067    
5 6 1  1222 1 123.242 1.067    
5 6 1  1223 1 135.395 0.182    
5 6 1  1224 1 142.187 0.086    
5 6 2  1225 1 149.366 0.330    
5 6 2  1226 1 151.245 0.375    
5 6 2  1227 1 154.287 0.348    
5 6 2  1228 1 144.857 0.331    
5 6 2  1229 1 153.916 0.385    
5 6 2  1230 1 153.916 0.385    
5 6 3  1231 1 157.279 0.187    
5 6 3  1232 1 159.927 0.165    
5 6 3  1233 1 160.853 0.139    
5 6 3  1234 1 156.687 0.140    
5 6 3  1235 1 157.620 0.141    
5 6 3  1236 1 161.632 0.172    
5 6 4  1237 1 159.664 0.173    
5 6 4  1238 1 158.916 0.174    
5 6 4  1239 1 159.617 0.195    
5 6 4  1240 1 161.174 0.234    
5 6 4  1241 1 162.224 0.250    
5 6 4  1242 1 160.775 0.239    
5 6 5  1243 1 158.719 0.234    
5 6 5  1244 1 158.421 0.255    
5 6 5  1245 1 157.911 0.354    
5 6 5  1246 1 155.249 0.591    
5 6 5  1247 1 151.324 0.932    
5 6 5  1248 1 154.347 0.057    
5 6 6  1249 1 152.333 0.061    
5 6 6  1250 1 150.719 0.079    
5 6 6  1251 1 147.630 0.147    
5 6 6  1252 1 147.575 0.088    
5 6 6  1253 1 147.740 0.080    
5 6 6  1254 1 148.356 0.090    
5 6 7  1255 1 149.091 0.128    
5 6 7  1256 1 149.547 0.117    
5 6 7  1257 1 153.341 0.127    
5 6 7  1258 1 152.200 0.122    
5 6 7  1259 1 154.968 0.151    
5 6 7  1260 1 152.020 0.279    
6 1 1  1261 1 127.058 0.206    
6 1 1  1262 1 126.783 0.214    
6 1 1  1263 1 127.864 0.164    
6 1 1  1264 1 128.444 0.175    
6 1 1  1265 1 129.613 0.143    
6 1 1  1266 1 130.347 0.125    
6 1 2  1267 1 128.240 0.127    
6 1 2  1268 1 129.420 0.133    
6 1 2  1269 1 130.625 0.109    
6 1 2  1270 1 132.562 0.118    
6 1 2  1271 1 134.638 0.087    
6 1 2  1272 1 137.841 0.014    
6 1 3  1273 1 133.463 0.098    
6 1 3  1274 1 133.823 0.014    
6 1 3  1275 1 132.726 0.104    
6 1 3  1276 1 133.452 0.114    
6 1 3  1277 1 133.723 0.119    
6 1 3  1278 1 131.482 0.130    
6 1 4  1279 1 133.064 0.131    
6 1 4  1280 1 133.687 0.020    
6 1 4  1281 1 131.879 0.103    
6 1 4  1282 1 131.140 0.016    
6 1 4  1283 1 133.686 0.015    
6 1 4  1284 1 132.420 0.018    
6 1 5  1285 1 129.796 0.173    
6 1 5  1286 1 129.796 0.173    
6 1 5  1287 1 129.796 0.173    
6 1 5  1288 1 127.060 0.240    
6 1 5  1289 1 126.561 0.267    
6 1 5  1290 1 126.384 0.262    
6 1 6  1291 1 129.166 0.246    
6 1 6  1292 1 131.416 0.313    
6 1 6  1293 1 125.655 0.366    
6 1 6  1294 1 124.904 0.379    
6 1 6  1295 1 123.554 0.392    
6 1 6  1296 1 129.594 0.479    
6 1 7  1297 1 123.796 0.343    
6 1 7  1298 1 126.962 0.379    
6 1 7  1299 1 122.111 0.435    
6 1 7  1300 1 123.734 0.410    
6 1 7  1301 1 122.392 0.521    
6 1 7  1302 1 123.784 0.482    
6 2 1  1303 1 129.142 0.298    
6 2 1  1304 1 131.638 0.288    
6 2 1  1305 1 131.860 0.203    
6 2 1  1306 1 131.257 0.163    
6 2 1  1307 1 131.189 0.148    
6 2 1  1308 1 132.041 0.149    
6 2 2  1309 1 135.607 0.144    
6 2 2  1310 1 137.641 0.137    
6 2 2  1311 1 136.918 0.116    
6 2 2  1312 1 137.354 0.117    
6 2 2  1313 1 132.249 0.030    
6 2 2  1314 1 135.855 0.096    
6 2 3  1315 1 133.562 0.079    
6 2 3  1316 1 134.979 0.088    
6 2 3  1317 1 133.056 0.092    
6 2 3  1318 1 133.410 0.102    
6 2 3  1319 1 133.410 0.102    
6 2 3  1320 1 133.410 0.102    
6 2 4  1321 1 135.675 0.256    
6 2 4  1322 1 136.124 0.284    
6 2 4  1323 1 137.480 0.215    
6 2 4  1324 1 137.608 0.015    
6 2 4  1325 1 137.985 0.016    
6 2 4  1326 1 137.528 0.019    
6 2 5  1327 1 132.288 0.180    
6 2 5  1328 1 130.732 0.211    
6 2 5  1329 1 131.867 0.267    
6 2 5  1330 1 130.406 0.269    
6 2 5  1331 1 128.842 0.261    
6 2 5  1332 1 132.223 0.263    
6 2 6  1333 1 129.586 0.347    
6 2 6  1334 1 129.350 0.409    
6 2 6  1335 1 128.253 0.299    
6 2 6  1336 1 128.265 0.418    
6 2 6  1337 1 131.191 0.315    
6 2 6  1338 1 132.383 0.313    
6 2 7  1339 1 129.927 0.414    
6 2 7  1340 1 127.099 0.803    
6 2 7  1341 1 129.102 0.613    
6 2 7  1342 1 129.848 0.712    
6 2 7  1343 1 128.301 0.684    
6 2 7  1344 1 128.570 0.689    
6 3 1  1345 1 136.464 0.447    
6 3 1  1346 1 139.116 0.259    
6 3 1  1347 1 138.234 0.282    
6 3 1  1348 1 132.241 0.207    
6 3 1  1349 1 132.655 0.196    
6 3 1  1350 1 134.138 0.189    
6 3 2  1351 1 136.227 0.153    
6 3 2  1352 1 135.538 0.136    
6 3 2  1353 1 135.583 0.130    
6 3 2  1354 1 138.174 0.106    
6 3 2  1355 1 139.266 0.096    
6 3 2  1356 1 138.483 0.111    
6 3 3  1357 1 138.941 0.107    
6 3 3  1358 1 139.278 0.110    
6 3 3  1359 1 138.812 0.119    
6 3 3  1360 1 138.835 0.127    
6 3 3  1361 1 139.098 0.138    
6 3 3  1362 1 139.410 0.157    
6 3 4  1363 1 140.009 0.132    
6 3 4  1364 1 140.786 0.144    
6 3 4  1365 1 139.590 0.123    
6 3 4  1366 1 142.054 0.132    
6 3 4  1367 1 140.117 0.139    
6 3 4  1368 1 139.538 0.165    
6 3 5  1369 1 138.966 0.228    
6 3 5  1370 1 138.240 0.213    
6 3 5  1371 1 136.813 0.281    
6 3 5  1372 1 133.792 0.338    
6 3 5  1373 1 135.304 0.308    
6 3 5  1374 1 136.768 0.389    
6 3 6  1375 1 137.049 0.606    
6 3 6  1376 1 138.648 0.502    
6 3 6  1377 1 134.837 0.579    
6 3 6  1378 1 134.606 0.629    
6 3 6  1379 1 134.315 0.579    
6 3 6  1380 1 132.420 0.671    
6 3 7  1381 1 127.764 0.798    
6 3 7  1382 1 126.821 0.692    
6 3 7  1383 1 125.813 1.438    
6 3 7  1384 1 125.474 0.544    
6 3 7  1385 1 120.296 0.269    
6 3 7  1386 1 129.811 0.507    
6 4 1  1387 1 133.032 0.066    
6 4 1  1388 1 136.865 0.380    
6 4 1  1389 1 136.972 0.284    
6 4 1  1390 1 138.608 0.297    
6 4 1  1391 1 137.595 0.256    
6 4 1  1392 1 137.195 0.224    
6 4 2  1393 1 137.312 0.195    
6 4 2  1394 1 138.196 0.163    
6 4 2  1395 1 139.380 0.156    
6 4 2  1396 1 140.354 0.128    
6 4 2  1397 1 141.431 0.110    
6 4 2  1398 1 142.447 0.108    
6 4 3  1399 1 139.918 0.111    
6 4 3  1400 1 140.528 0.111    
6 4 3  1401 1 142.355 0.113    
6 4 3  1402 1 141.865 0.129    
6 4 3  1403 1 141.664 0.159    
6 4 3  1404 1 142.154 0.147    
6 4 4  1405 1 140.522 0.149    
6 4 4  1406 1 139.283 0.158    
6 4 4  1407 1 141.201 0.160    
6 4 4  1408 1 140.259 0.139    
6 4 4  1409 1 141.625 0.131    
6 4 4  1410 1 141.240 0.160    
6 4 5  1411 1 140.370 0.172    
6 4 5  1412 1 140.105 0.208    
6 4 5  1413 1 139.876 0.285    
6 4 5  1414 1 138.132 0.311    
6 4 5  1415 1 138.132 0.311    
6 4 5  1416 1 138.132 0.311    
6 4 6  1417 1 136.387 0.429    
6 4 6  1418 1 136.189 0.455    
6 4 6  1419 1 135.569 0.458    
6 4 6  1420 1 133.326 0.574    
6 4 6  1421 1 133.833 0.536    
6 4 6  1422 1 133.347 0.588    
6 4 7  1423 1 132.204 0.460    
6 4 7  1424 1 131.152 1.305    
6 4 7  1425 1 132.229 0.099    
6 4 7  1426 1 132.499 0.204    
6 4 7  1427 1 130.966 0.160    
6 4 7  1428 1 127.589 0.344    
6 5 1  1429 1 148.597 1.071    
6 5 1  1430 1 148.597 1.071    
6 5 1  1431 1 148.597 1.071    
6 5 1  1432 1 144.031 0.236    
6 5 1  1433 1 148.597 1.071    
6 5 1  1434 1 152.214 0.512    
6 5 2  1435 1 152.924 0.354    
6 5 2  1436 1 154.030 0.295    
6 5 2  1437 1 152.867 0.363    
6 5 2  1438 1 153.811 0.042    
6 5 2  1439 1 156.014 0.061    
6 5 2  1440 1 161.481 0.223    
6 5 3  1441 1 160.987 0.149    
6 5 3  1442 1 161.205 0.143    
6 5 3  1443 1 163.794 0.145    
6 5 3  1444 1 161.564 0.137    
6 5 3  1445 1 163.614 0.125    
6 5 3  1446 1 165.069 0.188    
6 5 4  1447 1 163.470 0.174    
6 5 4  1448 1 161.163 0.186    
6 5 4  1449 1 162.054 0.200    
6 5 4  1450 1 162.870 0.192    
6 5 4  1451 1 165.562 0.224    
6 5 4  1452 1 165.451 0.221    
6 5 5  1453 1 162.671 0.223    
6 5 5  1454 1 162.661 0.328    
6 5 5  1455 1 159.371 0.312    
6 5 5  1456 1 161.467 0.529    
6 5 5  1457 1 159.568 0.873    
6 5 5  1458 1 159.568 0.873    
6 5 6  1459 1 153.345 1.319    
6 5 6  1460 1 152.029 0.529    
6 5 6  1461 1 151.276 0.073    
6 5 6  1462 1 154.959 0.054    
6 5 6  1463 1 155.105 0.080    
6 5 6  1464 1 155.005 0.075    
6 5 7  1465 1 154.780 0.110    
6 5 7  1466 1 155.398 0.130    
6 5 7  1467 1 159.457 0.088    
6 5 7  1468 1 161.576 0.134    
6 5 7  1469 1 153.656 0.257    
6 5 7  1470 1 164.173 0.187    
6 6 1  1471 1 123.242 1.067    
6 6 1  1472 1 123.242 1.067    
6 6 1  1473 1 123.242 1.067    
6 6 1  1474 1 123.242 1.067    
6 6 1  1475 1 135.395 0.182    
6 6 1  1476 1 142.187 0.086    
6 6 2  1477 1 149.366 0.330    
6 6 2  1478 1 151.245 0.375    
6 6 2  1479 1 154.287 0.348    
6 6 2  1480 1 144.857 0.331    
6 6 2  1481 1 153.916 0.385    
6 6 2  1482 1 153.916 0.385    
6 6 3  1483 1 157.279 0.187    
6 6 3  1484 1 159.927 0.165    
6 6 3  1485 1 160.853 0.139    
6 6 3  1486 1 156.687 0.140    
6 6 3  1487 1 157.620 0.141    
6 6 3  1488 1 161.632 0.172    
6 6 4  1489 1 159.664 0.173    
6 6 4  1490 1 158.916 0.174    
6 6 4  1491 1 159.617 0.195    
6 6 4  1492 1 161.174 0.234    
6 6 4  1493 1 162.224 0.250    
6 6 4  1494 1 160.775 0.239    
6 6 5  1495 1 158.719 0.234    
6 6 5  1496 1 158.421 0.255    
6 6 5  1497 1 157.911 0.354    
6 6 5  1498 1 155.249 0.591    
6 6 5  1499 1 151.324 0.932    
6 6 5  1500 1 154.347 0.057    
6 6 6  1501 1 152.333 0.061    
6 6 6  1502 1 150.719 0.079    
6 6 6  1503 1 147.630 0.147    
6 6 6  1504 1 147.575 0.088    
6 6 6  1505 1 147.740 0.080    
6 6 6  1506 1 148.356 0.090    
6 6 7  1507 1 149.091 0.128    
6 6 7  1508 1 149.547 0.117    
6 6 7  1509 1 153.341 0.127    
6 6 7  1510 1 152.200 0.122    
6 6 7  1511 1 154.968 0.151    
6 6 7  1512 1 152.020 0.279    
